Matriz 8x8
MATRIZ A ITERACION: 1

0.84019 0.39438 0.78310 0.79844 0.91165 0.19755 0.33522 0.76823 
0.27777 0.55397 0.47740 0.62887 0.36478 0.51340 0.95223 0.91620 
0.63571 0.71730 0.14160 0.60697 0.01630 0.24289 0.13723 0.80418 
0.15668 0.40094 0.12979 0.10881 0.99892 0.21826 0.51293 0.83911 
0.61264 0.29603 0.63755 0.52429 0.49358 0.97278 0.29252 0.77136 
0.52674 0.76991 0.40023 0.89153 0.28331 0.35246 0.80772 0.91903 
0.06976 0.94933 0.52600 0.08606 0.19221 0.66323 0.89023 0.34889 
0.06417 0.02002 0.45770 0.06310 0.23828 0.97063 0.90221 0.85092 

MATRIZ A ITERACION: 2

0.51658 0.55447 0.60603 0.66071 0.56912 0.54581 0.61380 0.74297 
0.56989 0.53571 0.56689 0.52546 0.47565 0.40792 0.54079 0.65221 
0.45706 0.38791 0.41841 0.38594 0.41102 0.43966 0.57071 0.69365 
0.46988 0.41425 0.39592 0.40642 0.46475 0.43171 0.53236 0.55955 
0.46049 0.43673 0.46212 0.49645 0.53822 0.54805 0.63180 0.69045 
0.53740 0.53202 0.56455 0.44831 0.49549 0.54978 0.66869 0.67163 
0.39999 0.42043 0.46265 0.34871 0.41565 0.58892 0.74504 0.78650 
0.27582 0.34783 0.35037 0.26056 0.36892 0.64280 0.77102 0.74806 

MATRIZ A ITERACION: 3

0.54416 0.55826 0.57488 0.56731 0.53078 0.52551 0.58392 0.63745 
0.50360 0.51255 0.51572 0.51325 0.49125 0.50828 0.57861 0.63569 
0.47245 0.46844 0.44855 0.45005 0.43873 0.47495 0.53651 0.59155 
0.43772 0.43364 0.42268 0.44214 0.45803 0.50759 0.56644 0.61309 
0.47513 0.47482 0.46186 0.47469 0.48658 0.54010 0.58711 0.62575 
0.46451 0.47515 0.46355 0.47024 0.49218 0.57574 0.65343 0.69902 
0.41891 0.43234 0.41505 0.41280 0.45768 0.58292 0.68583 0.73182 
0.36102 0.37618 0.36509 0.36781 0.43759 0.58872 0.71372 0.76265 

MATRIZ A ITERACION: 4

0.52964 0.53486 0.54033 0.53220 0.52273 0.53639 0.57824 0.60892 
0.50991 0.51096 0.51211 0.50339 0.50001 0.51873 0.56361 0.59395 
0.47140 0.46837 0.46745 0.46449 0.47603 0.50671 0.55697 0.58698 
0.46037 0.45503 0.45299 0.45370 0.47476 0.51067 0.56034 0.58674 
0.46016 0.45656 0.45764 0.46355 0.49414 0.54080 0.59647 0.62414 
0.45681 0.45348 0.45339 0.45940 0.49921 0.56240 0.63130 0.66383 
0.42135 0.41909 0.41980 0.43133 0.48730 0.57642 0.66598 0.70775 
0.39711 0.39476 0.39488 0.40934 0.47459 0.57775 0.67761 0.72351 

MATRIZ A ITERACION: 5

0.52134 0.52297 0.52231 0.51846 0.51891 0.53662 0.56664 0.58618 
0.50419 0.50500 0.50379 0.50208 0.50674 0.52882 0.56117 0.58144 
0.47934 0.47873 0.47650 0.47832 0.48983 0.51865 0.55385 0.57476 
0.46198 0.46111 0.45998 0.46719 0.48720 0.52410 0.56331 0.58527 
0.45707 0.45627 0.45619 0.46764 0.49540 0.54112 0.58630 0.61047 
0.44458 0.44425 0.44603 0.46286 0.50162 0.56156 0.61879 0.64824 
0.42377 0.42341 0.42616 0.44769 0.49753 0.57251 0.64295 0.67833 
0.40808 0.40783 0.41153 0.43621 0.49279 0.57661 0.65484 0.69371 

MATRIZ A ITERACION: 6

0.51338 0.51327 0.51244 0.51205 0.51861 0.53648 0.56015 0.57386 
0.50193 0.50158 0.50091 0.50188 0.51094 0.53125 0.55646 0.57067 
0.48173 0.48118 0.48141 0.48574 0.50033 0.52596 0.55460 0.56997 
0.46575 0.46524 0.46688 0.47536 0.49661 0.52886 0.56198 0.57900 
0.45421 0.45416 0.45795 0.47157 0.50097 0.54216 0.58213 0.60206 
0.44156 0.44197 0.44784 0.46679 0.50533 0.55753 0.60670 0.63085 
0.42532 0.42618 0.43400 0.45805 0.50548 0.56880 0.62750 0.65614 
0.41577 0.41680 0.42547 0.45198 0.50389 0.57287 0.63649 0.66746 

MATRIZ A ITERACION: 7

0.50754 0.50725 0.50702 0.50947 0.51853 0.53565 0.55481 0.56528 
0.49884 0.49865 0.49894 0.50270 0.51369 0.53275 0.55327 0.56428 
0.48290 0.48296 0.48446 0.49112 0.50633 0.52967 0.55320 0.56545 
0.46704 0.46761 0.47105 0.48187 0.50306 0.53262 0.56075 0.57496 
0.45382 0.45506 0.46086 0.47659 0.50502 0.54247 0.57681 0.59379 
0.44057 0.44258 0.45094 0.47200 0.50852 0.55518 0.59710 0.61756 
0.42793 0.43055 0.44101 0.46654 0.51008 0.56495 0.61381 0.63752 
0.42102 0.42392 0.43541 0.46315 0.51018 0.56917 0.62154 0.64690 

MATRIZ A ITERACION: 8

0.50307 0.50304 0.50400 0.50839 0.51880 0.53478 0.55101 0.55941 
0.49636 0.49651 0.49806 0.50358 0.51554 0.53310 0.55048 0.55938 
0.48300 0.48361 0.48660 0.49480 0.51042 0.53170 0.55188 0.56198 
0.46823 0.46953 0.47462 0.48671 0.50764 0.53443 0.55886 0.57082 
0.45445 0.45662 0.46428 0.48110 0.50859 0.54239 0.57236 0.58683 
0.44175 0.44481 0.45512 0.47684 0.51126 0.55266 0.58880 0.60610 
0.43109 0.43488 0.44734 0.47309 0.51331 0.56117 0.60264 0.62241 
0.42586 0.42997 0.44343 0.47106 0.51401 0.56496 0.60898 0.62994 

MATRIZ A ITERACION: 9

0.49974 0.50017 0.50226 0.50806 0.51903 0.53395 0.54803 0.55507 
0.49426 0.49492 0.49762 0.50447 0.51679 0.53308 0.54819 0.55569 
0.48287 0.48406 0.48822 0.49755 0.51310 0.53267 0.55029 0.55890 
0.46924 0.47121 0.47754 0.49053 0.51087 0.53536 0.55681 0.56712 
0.45590 0.45882 0.46774 0.48513 0.51129 0.54189 0.56814 0.58063 
0.44393 0.44782 0.45934 0.48122 0.51338 0.55035 0.58171 0.59652 
0.43473 0.43936 0.45295 0.47839 0.51537 0.55753 0.59307 0.60981 
0.43045 0.43543 0.44996 0.47704 0.51627 0.56084 0.59835 0.61599 

MATRIZ A ITERACION: 10

0.49727 0.49816 0.50125 0.50804 0.51923 0.53318 0.54567 0.55175 
0.49267 0.49379 0.49748 0.50524 0.51764 0.53279 0.54621 0.55270 
0.48276 0.48444 0.48957 0.49963 0.51494 0.53302 0.54868 0.55617 
0.47035 0.47284 0.48009 0.49355 0.51316 0.53560 0.55465 0.56365 
0.45782 0.46128 0.47104 0.48856 0.51333 0.54109 0.56428 0.57515 
0.44676 0.45118 0.46342 0.48498 0.51495 0.54808 0.57552 0.58831 
0.43862 0.44378 0.45795 0.48266 0.51671 0.55410 0.58491 0.59924 
0.43499 0.44048 0.45552 0.48166 0.51757 0.55691 0.58927 0.60431 

MATRIZ A ITERACION: 11

0.49547 0.49677 0.50066 0.50815 0.51935 0.53245 0.54372 0.54908 
0.49152 0.49304 0.49751 0.50589 0.51819 0.53237 0.54446 0.55019 
0.48281 0.48489 0.49074 0.50125 0.51617 0.53296 0.54705 0.55367 
0.47158 0.47447 0.48233 0.49599 0.51476 0.53542 0.55248 0.56043 
0.46004 0.46386 0.47410 0.49145 0.51481 0.54007 0.56070 0.57026 
0.44991 0.45465 0.46720 0.48818 0.51605 0.54589 0.57008 0.58124 
0.44263 0.44808 0.46240 0.48616 0.51751 0.55089 0.57785 0.59026 
0.43947 0.44522 0.46034 0.48535 0.51827 0.55324 0.58145 0.59443 

MATRIZ A ITERACION: 12

0.49420 0.49583 0.50034 0.50829 0.51940 0.53176 0.54205 0.54686 
0.49075 0.49260 0.49766 0.50644 0.51853 0.53186 0.54289 0.54803 
0.48305 0.48543 0.49179 0.50254 0.51700 0.53265 0.54545 0.55138 
0.47294 0.47609 0.48434 0.49796 0.51588 0.53494 0.55034 0.55743 
0.46242 0.46646 0.47692 0.49388 0.51585 0.53892 0.55739 0.56586 
0.45320 0.45810 0.47068 0.49087 0.51678 0.54376 0.56525 0.57506 
0.44666 0.45221 0.46640 0.48905 0.51795 0.54791 0.57170 0.58255 
0.44385 0.44969 0.46459 0.48834 0.51857 0.54987 0.57469 0.58600 

MATRIZ A ITERACION: 13

0.49335 0.49523 0.50019 0.50844 0.51938 0.53108 0.54057 0.54496 
0.49031 0.49241 0.49788 0.50689 0.51872 0.53129 0.54144 0.54611 
0.48348 0.48607 0.49276 0.50357 0.51753 0.53217 0.54389 0.54925 
0.47440 0.47772 0.48616 0.49957 0.51662 0.53427 0.54826 0.55464 
0.46487 0.46902 0.47948 0.49591 0.51654 0.53768 0.55433 0.56189 
0.45651 0.46145 0.47384 0.49315 0.51722 0.54172 0.56094 0.56964 
0.45062 0.45615 0.46999 0.49147 0.51812 0.54516 0.56631 0.57588 
0.44810 0.45390 0.46838 0.49082 0.51861 0.54678 0.56879 0.57873 

MATRIZ A ITERACION: 14

0.49282 0.49489 0.50017 0.50858 0.51930 0.53041 0.53924 0.54327 
0.49014 0.49241 0.49816 0.50726 0.51879 0.53067 0.54008 0.54437 
0.48406 0.48680 0.49367 0.50441 0.51785 0.53158 0.54237 0.54726 
0.47593 0.47933 0.48781 0.50090 0.51710 0.53348 0.54626 0.55204 
0.46733 0.47149 0.48181 0.49761 0.51696 0.53640 0.55149 0.55828 
0.45977 0.46466 0.47672 0.49508 0.51744 0.53978 0.55706 0.56483 
0.45445 0.45988 0.47324 0.49351 0.51812 0.54263 0.56155 0.57005 
0.45219 0.45786 0.47178 0.49290 0.51849 0.54396 0.56361 0.57243 

MATRIZ A ITERACION: 15

0.49257 0.49477 0.50025 0.50871 0.51917 0.52975 0.53801 0.54174 
0.49019 0.49257 0.49848 0.50758 0.51876 0.53003 0.53881 0.54277 
0.48478 0.48759 0.49453 0.50510 0.51800 0.53091 0.54090 0.54540 
0.47749 0.48091 0.48931 0.50201 0.51736 0.53261 0.54435 0.54962 
0.46975 0.47387 0.48393 0.49905 0.51719 0.53511 0.54885 0.55499 
0.46293 0.46770 0.47933 0.49672 0.51750 0.53794 0.55356 0.56054 
0.45814 0.46339 0.47618 0.49525 0.51799 0.54029 0.55732 0.56492 
0.45610 0.46157 0.47486 0.49467 0.51827 0.54139 0.55904 0.56691 

MATRIZ A ITERACION: 16

0.49252 0.49480 0.50039 0.50883 0.51900 0.52909 0.53685 0.54033 
0.49041 0.49286 0.49884 0.50784 0.51867 0.52937 0.53759 0.54127 
0.48559 0.48843 0.49534 0.50568 0.51804 0.53019 0.53949 0.54364 
0.47906 0.48246 0.49070 0.50294 0.51748 0.53170 0.54253 0.54735 
0.47211 0.47614 0.48587 0.50027 0.51728 0.53383 0.54640 0.55199 
0.46596 0.47058 0.48172 0.49813 0.51745 0.53619 0.55039 0.55670 
0.46164 0.46669 0.47885 0.49675 0.51778 0.53815 0.55355 0.56038 
0.45980 0.46504 0.47766 0.49621 0.51798 0.53905 0.55498 0.56205 

MATRIZ A ITERACION: 17

0.49265 0.49497 0.50059 0.50893 0.51880 0.52843 0.53575 0.53901 
0.49077 0.49324 0.49922 0.50807 0.51852 0.52870 0.53642 0.53986 
0.48647 0.48930 0.49612 0.50617 0.51799 0.52945 0.53813 0.54198 
0.48063 0.48397 0.49198 0.50373 0.51749 0.53077 0.54079 0.54523 
0.47439 0.47829 0.48765 0.50132 0.51725 0.53258 0.54412 0.54922 
0.46885 0.47328 0.48389 0.49934 0.51731 0.53456 0.54751 0.55323 
0.46495 0.46977 0.48129 0.49806 0.51752 0.53617 0.55016 0.55634 
0.46329 0.46828 0.48020 0.49754 0.51765 0.53691 0.55136 0.55774 

MATRIZ A ITERACION: 18

0.49291 0.49524 0.50084 0.50902 0.51857 0.52777 0.53470 0.53776 
0.49123 0.49370 0.49963 0.50827 0.51834 0.52802 0.53530 0.53853 
0.48740 0.49019 0.49687 0.50659 0.51788 0.52870 0.53681 0.54040 
0.48217 0.48542 0.49317 0.50441 0.51742 0.52984 0.53914 0.54324 
0.47657 0.48033 0.48927 0.50222 0.51715 0.53138 0.54200 0.54668 
0.47159 0.47582 0.48588 0.50040 0.51712 0.53302 0.54488 0.55010 
0.46807 0.47265 0.48352 0.49920 0.51723 0.53435 0.54711 0.55272 
0.46657 0.47130 0.48252 0.49871 0.51731 0.53496 0.54811 0.55390 

MATRIZ A ITERACION: 19

0.49327 0.49559 0.50112 0.50911 0.51833 0.52712 0.53368 0.53657 
0.49178 0.49422 0.50004 0.50845 0.51813 0.52734 0.53422 0.53725 
0.48835 0.49109 0.49758 0.50695 0.51772 0.52794 0.53555 0.53891 
0.48368 0.48682 0.49427 0.50500 0.51729 0.52892 0.53758 0.54138 
0.47865 0.48225 0.49077 0.50301 0.51700 0.53022 0.54003 0.54434 
0.47417 0.47819 0.48770 0.50133 0.51690 0.53158 0.54247 0.54725 
0.47100 0.47532 0.48555 0.50021 0.51692 0.53268 0.54435 0.54947 
0.46965 0.47410 0.48465 0.49975 0.51696 0.53318 0.54519 0.55046 

MATRIZ A ITERACION: 20

0.49372 0.49600 0.50142 0.50920 0.51808 0.52647 0.53270 0.53543 
0.49238 0.49478 0.50046 0.50860 0.51790 0.52667 0.53318 0.53603 
0.48932 0.49198 0.49827 0.50727 0.51753 0.52719 0.53434 0.53748 
0.48514 0.48816 0.49530 0.50551 0.51712 0.52803 0.53610 0.53963 
0.48063 0.48405 0.49215 0.50370 0.51680 0.52911 0.53820 0.54218 
0.47660 0.48040 0.48937 0.50215 0.51665 0.53024 0.54027 0.54465 
0.47374 0.47781 0.48742 0.50111 0.51661 0.53114 0.54185 0.54653 
0.47252 0.47671 0.48660 0.50067 0.51662 0.53155 0.54256 0.54737 

MATRIZ A ITERACION: 21

0.49422 0.49646 0.50174 0.50928 0.51782 0.52583 0.53175 0.53433 
0.49303 0.49537 0.50089 0.50875 0.51766 0.52601 0.53217 0.53486 
0.49030 0.49287 0.49893 0.50755 0.51731 0.52645 0.53318 0.53613 
0.48655 0.48945 0.49627 0.50596 0.51692 0.52716 0.53469 0.53799 
0.48250 0.48576 0.49342 0.50431 0.51659 0.52806 0.53649 0.54017 
0.47887 0.48246 0.49091 0.50288 0.51639 0.52898 0.53824 0.54228 
0.47630 0.48013 0.48914 0.50191 0.51630 0.52972 0.53957 0.54387 
0.47520 0.47913 0.48839 0.50151 0.51628 0.53005 0.54016 0.54458 

MATRIZ A ITERACION: 22

0.49477 0.49695 0.50208 0.50936 0.51756 0.52520 0.53082 0.53328 
0.49371 0.49598 0.50132 0.50888 0.51741 0.52535 0.53119 0.53374 
0.49126 0.49374 0.49956 0.50780 0.51708 0.52573 0.53207 0.53484 
0.48790 0.49067 0.49717 0.50636 0.51670 0.52632 0.53337 0.53644 
0.48426 0.48735 0.49460 0.50485 0.51636 0.52706 0.53490 0.53831 
0.48100 0.48439 0.49232 0.50354 0.51613 0.52782 0.53638 0.54010 
0.47868 0.48228 0.49072 0.50264 0.51600 0.52841 0.53750 0.54145 
0.47769 0.48138 0.49004 0.50226 0.51596 0.52868 0.53799 0.54205 

MATRIZ A ITERACION: 23

0.49535 0.49747 0.50243 0.50943 0.51729 0.52459 0.52993 0.53226 
0.49440 0.49660 0.50174 0.50900 0.51715 0.52471 0.53025 0.53266 
0.49221 0.49459 0.50016 0.50803 0.51685 0.52502 0.53100 0.53361 
0.48920 0.49183 0.49801 0.50672 0.51647 0.52551 0.53211 0.53499 
0.48593 0.48885 0.49569 0.50534 0.51613 0.52611 0.53341 0.53658 
0.48299 0.48618 0.49363 0.50413 0.51587 0.52673 0.53466 0.53810 
0.48090 0.48428 0.49217 0.50329 0.51571 0.52721 0.53560 0.53924 
0.48001 0.48346 0.49155 0.50294 0.51566 0.52742 0.53601 0.53975 

MATRIZ A ITERACION: 24

0.49595 0.49800 0.50278 0.50951 0.51703 0.52399 0.52906 0.53127 
0.49510 0.49722 0.50216 0.50912 0.51690 0.52409 0.52934 0.53162 
0.49314 0.49542 0.50074 0.50824 0.51661 0.52434 0.52998 0.53244 
0.49044 0.49294 0.49880 0.50704 0.51624 0.52474 0.53093 0.53362 
0.48750 0.49026 0.49671 0.50578 0.51589 0.52522 0.53202 0.53498 
0.48486 0.48785 0.49484 0.50466 0.51561 0.52571 0.53307 0.53627 
0.48297 0.48613 0.49351 0.50388 0.51544 0.52610 0.53386 0.53723 
0.48216 0.48540 0.49295 0.50355 0.51537 0.52627 0.53421 0.53765 

MATRIZ A ITERACION: 25

0.49657 0.49854 0.50313 0.50958 0.51677 0.52340 0.52823 0.53032 
0.49580 0.49783 0.50258 0.50923 0.51665 0.52348 0.52846 0.53062 
0.49404 0.49622 0.50130 0.50843 0.51637 0.52368 0.52901 0.53132 
0.49161 0.49399 0.49955 0.50734 0.51601 0.52400 0.52981 0.53233 
0.48897 0.49158 0.49765 0.50618 0.51566 0.52438 0.53073 0.53348 
0.48659 0.48940 0.49596 0.50515 0.51537 0.52477 0.53161 0.53457 
0.48489 0.48785 0.49475 0.50443 0.51518 0.52507 0.53226 0.53538 
0.48417 0.48719 0.49424 0.50412 0.51510 0.52521 0.53255 0.53573 

MATRIZ A ITERACION: 26

0.49719 0.49907 0.50348 0.50966 0.51652 0.52283 0.52742 0.52941 
0.49650 0.49845 0.50298 0.50934 0.51640 0.52289 0.52761 0.52966 
0.49492 0.49699 0.50183 0.50861 0.51613 0.52305 0.52808 0.53026 
0.49274 0.49499 0.50025 0.50761 0.51578 0.52329 0.52875 0.53111 
0.49036 0.49281 0.49853 0.50654 0.51543 0.52359 0.52952 0.53209 
0.48822 0.49085 0.49699 0.50559 0.51513 0.52389 0.53025 0.53300 
0.48668 0.48945 0.49590 0.50492 0.51493 0.52412 0.53079 0.53368 
0.48603 0.48885 0.49543 0.50464 0.51485 0.52423 0.53103 0.53398 

MATRIZ A ITERACION: 27

0.49780 0.49961 0.50383 0.50973 0.51627 0.52228 0.52664 0.52852 
0.49719 0.49905 0.50338 0.50944 0.51616 0.52233 0.52680 0.52874 
0.49576 0.49774 0.50234 0.50877 0.51590 0.52244 0.52719 0.52924 
0.49380 0.49594 0.50091 0.50786 0.51556 0.52262 0.52775 0.52997 
0.49166 0.49397 0.49935 0.50687 0.51521 0.52285 0.52839 0.53079 
0.48973 0.49220 0.49795 0.50600 0.51490 0.52307 0.52899 0.53156 
0.48835 0.49093 0.49696 0.50538 0.51470 0.52325 0.52944 0.53212 
0.48775 0.49039 0.49653 0.50511 0.51461 0.52333 0.52964 0.53237 

MATRIZ A ITERACION: 28

0.49841 0.50014 0.50417 0.50980 0.51603 0.52175 0.52588 0.52768 
0.49786 0.49963 0.50376 0.50954 0.51592 0.52178 0.52602 0.52786 
0.49658 0.49845 0.50282 0.50892 0.51568 0.52186 0.52634 0.52828 
0.49481 0.49683 0.50153 0.50808 0.51534 0.52199 0.52680 0.52889 
0.49288 0.49506 0.50012 0.50718 0.51499 0.52215 0.52733 0.52957 
0.49114 0.49346 0.49885 0.50637 0.51469 0.52231 0.52783 0.53022 
0.48989 0.49231 0.49794 0.50579 0.51448 0.52244 0.52820 0.53069 
0.48935 0.49182 0.49755 0.50555 0.51440 0.52250 0.52836 0.53090 

MATRIZ A ITERACION: 29

0.49901 0.50066 0.50451 0.50987 0.51580 0.52123 0.52516 0.52686 
0.49851 0.50020 0.50414 0.50963 0.51570 0.52125 0.52527 0.52701 
0.49736 0.49914 0.50329 0.50907 0.51546 0.52130 0.52554 0.52737 
0.49577 0.49768 0.50211 0.50830 0.51513 0.52139 0.52591 0.52787 
0.49403 0.49607 0.50083 0.50746 0.51479 0.52149 0.52634 0.52844 
0.49246 0.49463 0.49967 0.50671 0.51449 0.52160 0.52675 0.52897 
0.49133 0.49359 0.49885 0.50618 0.51428 0.52169 0.52705 0.52936 
0.49084 0.49314 0.49849 0.50595 0.51419 0.52173 0.52718 0.52954 

MATRIZ A ITERACION: 30

0.49960 0.50117 0.50484 0.50994 0.51558 0.52074 0.52446 0.52608 
0.49915 0.50076 0.50450 0.50972 0.51548 0.52075 0.52455 0.52620 
0.49811 0.49980 0.50373 0.50920 0.51525 0.52077 0.52477 0.52649 
0.49668 0.49848 0.50266 0.50849 0.51493 0.52082 0.52507 0.52691 
0.49511 0.49703 0.50150 0.50772 0.51460 0.52088 0.52542 0.52738 
0.49368 0.49572 0.50044 0.50703 0.51430 0.52094 0.52574 0.52782 
0.49266 0.49478 0.49969 0.50654 0.51409 0.52100 0.52599 0.52814 
0.49223 0.49437 0.49937 0.50632 0.51400 0.52102 0.52609 0.52828 

MATRIZ A ITERACION: 31

0.50017 0.50167 0.50515 0.51001 0.51537 0.52026 0.52380 0.52532 
0.49976 0.50129 0.50485 0.50980 0.51527 0.52026 0.52387 0.52543 
0.49883 0.50043 0.50415 0.50933 0.51505 0.52027 0.52404 0.52567 
0.49753 0.49923 0.50318 0.50867 0.51474 0.52028 0.52428 0.52601 
0.49611 0.49792 0.50212 0.50796 0.51441 0.52030 0.52455 0.52639 
0.49483 0.49673 0.50116 0.50732 0.51412 0.52033 0.52481 0.52675 
0.49391 0.49588 0.50047 0.50687 0.51392 0.52035 0.52500 0.52701 
0.49351 0.49552 0.50018 0.50667 0.51383 0.52036 0.52509 0.52712 

MATRIZ A ITERACION: 32

0.50072 0.50215 0.50546 0.51008 0.51516 0.51980 0.52316 0.52460 
0.50036 0.50181 0.50519 0.50989 0.51507 0.51980 0.52321 0.52469 
0.49951 0.50103 0.50455 0.50945 0.51485 0.51978 0.52334 0.52488 
0.49834 0.49994 0.50367 0.50885 0.51456 0.51977 0.52353 0.52516 
0.49706 0.49876 0.50270 0.50819 0.51424 0.51976 0.52374 0.52547 
0.49590 0.49768 0.50183 0.50759 0.51395 0.51976 0.52394 0.52575 
0.49506 0.49691 0.50120 0.50717 0.51375 0.51976 0.52409 0.52596 
0.49470 0.49658 0.50093 0.50699 0.51367 0.51976 0.52416 0.52606 

MATRIZ A ITERACION: 33

0.50126 0.50262 0.50576 0.51014 0.51497 0.51937 0.52254 0.52391 
0.50093 0.50231 0.50551 0.50997 0.51487 0.51935 0.52258 0.52398 
0.50017 0.50160 0.50493 0.50956 0.51467 0.51932 0.52268 0.52413 
0.49911 0.50062 0.50413 0.50900 0.51438 0.51929 0.52283 0.52435 
0.49795 0.49954 0.50324 0.50840 0.51407 0.51925 0.52299 0.52460 
0.49690 0.49857 0.50245 0.50785 0.51380 0.51922 0.52314 0.52483 
0.49614 0.49787 0.50188 0.50745 0.51360 0.51920 0.52325 0.52499 
0.49581 0.49756 0.50163 0.50728 0.51352 0.51920 0.52330 0.52507 

MATRIZ A ITERACION: 34

0.50178 0.50307 0.50605 0.51020 0.51478 0.51895 0.52196 0.52326 
0.50148 0.50279 0.50582 0.51004 0.51469 0.51893 0.52199 0.52331 
0.50079 0.50214 0.50529 0.50967 0.51449 0.51889 0.52206 0.52343 
0.49983 0.50125 0.50456 0.50915 0.51422 0.51883 0.52216 0.52360 
0.49878 0.50028 0.50375 0.50859 0.51392 0.51877 0.52228 0.52379 
0.49783 0.49939 0.50303 0.50808 0.51365 0.51872 0.52239 0.52397 
0.49714 0.49876 0.50250 0.50772 0.51346 0.51869 0.52247 0.52410 
0.49685 0.49848 0.50228 0.50756 0.51338 0.51868 0.52250 0.52415 

MATRIZ A ITERACION: 35

0.50228 0.50350 0.50633 0.51026 0.51460 0.51855 0.52140 0.52263 
0.50201 0.50325 0.50612 0.51012 0.51452 0.51853 0.52142 0.52267 
0.50138 0.50266 0.50564 0.50977 0.51432 0.51847 0.52146 0.52276 
0.50051 0.50185 0.50497 0.50929 0.51406 0.51840 0.52153 0.52288 
0.49956 0.50097 0.50423 0.50877 0.51377 0.51833 0.52161 0.52303 
0.49870 0.50016 0.50357 0.50830 0.51351 0.51826 0.52168 0.52316 
0.49807 0.49958 0.50309 0.50796 0.51333 0.51821 0.52174 0.52326 
0.49781 0.49933 0.50288 0.50782 0.51325 0.51819 0.52176 0.52330 

MATRIZ A ITERACION: 36

0.50276 0.50391 0.50660 0.51032 0.51443 0.51817 0.52086 0.52203 
0.50251 0.50368 0.50640 0.51019 0.51435 0.51814 0.52087 0.52205 
0.50194 0.50315 0.50596 0.50987 0.51416 0.51808 0.52090 0.52212 
0.50116 0.50242 0.50535 0.50942 0.51391 0.51800 0.52094 0.52221 
0.50029 0.50161 0.50468 0.50894 0.51363 0.51791 0.52099 0.52232 
0.49951 0.50088 0.50407 0.50850 0.51338 0.51783 0.52103 0.52241 
0.49894 0.50035 0.50363 0.50819 0.51320 0.51777 0.52106 0.52249 
0.49870 0.50013 0.50344 0.50805 0.51313 0.51775 0.52108 0.52252 

MATRIZ A ITERACION: 37

0.50322 0.50431 0.50685 0.51038 0.51427 0.51780 0.52035 0.52145 
0.50299 0.50410 0.50668 0.51025 0.51419 0.51777 0.52036 0.52147 
0.50248 0.50362 0.50627 0.50996 0.51401 0.51771 0.52037 0.52152 
0.50176 0.50295 0.50571 0.50955 0.51377 0.51761 0.52038 0.52158 
0.50098 0.50222 0.50510 0.50910 0.51350 0.51751 0.52040 0.52165 
0.50026 0.50155 0.50454 0.50869 0.51326 0.51742 0.52042 0.52172 
0.49975 0.50107 0.50414 0.50840 0.51309 0.51736 0.52044 0.52177 
0.49953 0.50087 0.50397 0.50827 0.51301 0.51733 0.52044 0.52179 

MATRIZ A ITERACION: 38

0.50366 0.50469 0.50710 0.51044 0.51411 0.51746 0.51987 0.52091 
0.50345 0.50450 0.50694 0.51032 0.51404 0.51743 0.51987 0.52092 
0.50298 0.50406 0.50657 0.51004 0.51387 0.51735 0.51986 0.52095 
0.50233 0.50345 0.50605 0.50966 0.51364 0.51725 0.51986 0.52098 
0.50162 0.50279 0.50549 0.50925 0.51338 0.51714 0.51986 0.52103 
0.50097 0.50218 0.50498 0.50887 0.51315 0.51705 0.51985 0.52107 
0.50051 0.50174 0.50461 0.50860 0.51298 0.51698 0.51985 0.52110 
0.50031 0.50155 0.50445 0.50848 0.51291 0.51695 0.51985 0.52111 

MATRIZ A ITERACION: 39

0.50408 0.50506 0.50733 0.51049 0.51396 0.51713 0.51941 0.52039 
0.50389 0.50488 0.50718 0.51038 0.51389 0.51710 0.51940 0.52040 
0.50347 0.50448 0.50684 0.51012 0.51373 0.51702 0.51939 0.52041 
0.50287 0.50393 0.50637 0.50977 0.51351 0.51691 0.51937 0.52042 
0.50222 0.50332 0.50586 0.50939 0.51327 0.51680 0.51934 0.52044 
0.50163 0.50277 0.50539 0.50903 0.51304 0.51669 0.51932 0.52046 
0.50121 0.50237 0.50505 0.50878 0.51288 0.51662 0.51931 0.52047 
0.50103 0.50220 0.50491 0.50867 0.51282 0.51659 0.51931 0.52048 

MATRIZ A ITERACION: 40

0.50448 0.50540 0.50755 0.51054 0.51383 0.51682 0.51897 0.51990 
0.50431 0.50525 0.50742 0.51044 0.51376 0.51678 0.51896 0.51990 
0.50392 0.50488 0.50711 0.51020 0.51360 0.51670 0.51893 0.51990 
0.50338 0.50437 0.50668 0.50987 0.51339 0.51659 0.51890 0.51989 
0.50279 0.50382 0.50620 0.50951 0.51316 0.51647 0.51886 0.51989 
0.50225 0.50331 0.50577 0.50919 0.51295 0.51636 0.51883 0.51989 
0.50187 0.50295 0.50546 0.50895 0.51279 0.51629 0.51881 0.51989 
0.50170 0.50279 0.50533 0.50885 0.51273 0.51625 0.51880 0.51989 

Tiempo en segundos 0.000579, con 40 iteraciones 
-------------------
