0.51141 0.51140 0.51138 0.51135 0.51130 0.51124 0.51118 0.51110 0.51101 0.51092 0.51082 0.51071 0.51060 0.51048 0.51036 0.51024 0.51012 0.51001 0.50989 0.50978 0.50967 0.50957 0.50948 0.50939 0.50931 0.50924 0.50918 0.50913 0.50909 0.50906 0.50904 0.50903 
0.51136 0.51136 0.51134 0.51130 0.51126 0.51120 0.51114 0.51106 0.51097 0.51088 0.51078 0.51068 0.51057 0.51045 0.51033 0.51022 0.51010 0.50998 0.50987 0.50976 0.50966 0.50956 0.50946 0.50938 0.50930 0.50923 0.50917 0.50912 0.50908 0.50905 0.50903 0.50903 
0.51125 0.51125 0.51123 0.51119 0.51115 0.51110 0.51103 0.51096 0.51088 0.51079 0.51069 0.51059 0.51049 0.51038 0.51027 0.51015 0.51004 0.50993 0.50982 0.50972 0.50962 0.50952 0.50943 0.50935 0.50928 0.50921 0.50915 0.50911 0.50907 0.50904 0.50902 0.50902 
0.51108 0.51107 0.51105 0.51102 0.51098 0.51093 0.51087 0.51080 0.51073 0.51065 0.51056 0.51046 0.51036 0.51026 0.51016 0.51005 0.50995 0.50985 0.50975 0.50965 0.50956 0.50947 0.50939 0.50931 0.50924 0.50918 0.50913 0.50908 0.50905 0.50902 0.50901 0.50900 
0.51084 0.51083 0.51081 0.51079 0.51075 0.51071 0.51065 0.51059 0.51052 0.51045 0.51037 0.51028 0.51020 0.51010 0.51001 0.50992 0.50983 0.50973 0.50964 0.50956 0.50947 0.50939 0.50932 0.50925 0.50919 0.50914 0.50909 0.50905 0.50902 0.50900 0.50898 0.50898 
0.51054 0.51053 0.51052 0.51049 0.51046 0.51042 0.51038 0.51032 0.51027 0.51020 0.51013 0.51006 0.50998 0.50991 0.50983 0.50975 0.50967 0.50959 0.50951 0.50944 0.50937 0.50930 0.50924 0.50918 0.50913 0.50908 0.50904 0.50901 0.50898 0.50897 0.50895 0.50895 
0.51018 0.51017 0.51016 0.51014 0.51012 0.51009 0.51005 0.51001 0.50996 0.50991 0.50985 0.50979 0.50973 0.50967 0.50961 0.50954 0.50948 0.50942 0.50936 0.50930 0.50924 0.50919 0.50914 0.50910 0.50906 0.50902 0.50899 0.50896 0.50894 0.50893 0.50892 0.50891 
0.50976 0.50976 0.50975 0.50974 0.50972 0.50970 0.50967 0.50964 0.50960 0.50957 0.50953 0.50948 0.50944 0.50940 0.50935 0.50931 0.50926 0.50922 0.50918 0.50914 0.50910 0.50906 0.50903 0.50900 0.50897 0.50894 0.50892 0.50891 0.50889 0.50888 0.50888 0.50887 
0.50930 0.50929 0.50929 0.50928 0.50927 0.50926 0.50924 0.50922 0.50920 0.50918 0.50916 0.50914 0.50911 0.50909 0.50907 0.50904 0.50902 0.50900 0.50897 0.50895 0.50893 0.50892 0.50890 0.50889 0.50887 0.50886 0.50885 0.50884 0.50884 0.50883 0.50883 0.50883 
0.50878 0.50878 0.50878 0.50878 0.50878 0.50878 0.50877 0.50877 0.50877 0.50876 0.50876 0.50876 0.50876 0.50875 0.50875 0.50875 0.50875 0.50875 0.50875 0.50875 0.50876 0.50876 0.50876 0.50876 0.50877 0.50877 0.50877 0.50877 0.50877 0.50878 0.50878 0.50878 
0.50823 0.50823 0.50823 0.50824 0.50825 0.50825 0.50827 0.50828 0.50829 0.50831 0.50833 0.50835 0.50837 0.50839 0.50841 0.50844 0.50846 0.50849 0.50851 0.50854 0.50856 0.50858 0.50861 0.50863 0.50865 0.50867 0.50868 0.50870 0.50871 0.50872 0.50872 0.50872 
0.50764 0.50764 0.50765 0.50766 0.50768 0.50770 0.50772 0.50775 0.50779 0.50782 0.50786 0.50791 0.50795 0.50800 0.50805 0.50810 0.50815 0.50820 0.50825 0.50830 0.50835 0.50840 0.50845 0.50849 0.50853 0.50856 0.50859 0.50862 0.50864 0.50865 0.50866 0.50866 
0.50702 0.50702 0.50703 0.50705 0.50708 0.50712 0.50716 0.50720 0.50726 0.50731 0.50738 0.50744 0.50752 0.50759 0.50767 0.50775 0.50782 0.50790 0.50798 0.50806 0.50813 0.50821 0.50827 0.50834 0.50839 0.50845 0.50849 0.50853 0.50856 0.50858 0.50860 0.50860 
0.50637 0.50638 0.50640 0.50642 0.50646 0.50651 0.50657 0.50663 0.50670 0.50678 0.50687 0.50696 0.50706 0.50716 0.50727 0.50738 0.50749 0.50759 0.50770 0.50781 0.50791 0.50800 0.50810 0.50818 0.50826 0.50833 0.50839 0.50844 0.50848 0.50851 0.50853 0.50853 
0.50571 0.50572 0.50574 0.50578 0.50582 0.50589 0.50596 0.50604 0.50614 0.50624 0.50635 0.50647 0.50660 0.50673 0.50686 0.50700 0.50714 0.50727 0.50741 0.50754 0.50767 0.50780 0.50791 0.50802 0.50812 0.50820 0.50828 0.50834 0.50840 0.50843 0.50846 0.50847 
0.50504 0.50505 0.50507 0.50512 0.50518 0.50525 0.50534 0.50544 0.50556 0.50568 0.50582 0.50597 0.50612 0.50628 0.50645 0.50661 0.50678 0.50695 0.50711 0.50728 0.50743 0.50758 0.50772 0.50785 0.50797 0.50808 0.50817 0.50825 0.50831 0.50836 0.50838 0.50840 
0.50436 0.50437 0.50440 0.50445 0.50452 0.50461 0.50472 0.50484 0.50498 0.50513 0.50529 0.50546 0.50564 0.50583 0.50603 0.50622 0.50642 0.50662 0.50682 0.50701 0.50719 0.50737 0.50753 0.50769 0.50783 0.50795 0.50806 0.50815 0.50822 0.50828 0.50831 0.50832 
0.50368 0.50369 0.50373 0.50379 0.50387 0.50398 0.50410 0.50424 0.50440 0.50457 0.50476 0.50496 0.50517 0.50538 0.50561 0.50584 0.50606 0.50629 0.50652 0.50674 0.50695 0.50715 0.50734 0.50752 0.50768 0.50782 0.50795 0.50805 0.50814 0.50820 0.50824 0.50825 
0.50301 0.50303 0.50307 0.50314 0.50323 0.50335 0.50349 0.50364 0.50382 0.50402 0.50423 0.50446 0.50470 0.50494 0.50520 0.50545 0.50571 0.50597 0.50622 0.50647 0.50671 0.50694 0.50716 0.50735 0.50754 0.50770 0.50784 0.50796 0.50805 0.50812 0.50816 0.50818 
0.50236 0.50238 0.50243 0.50250 0.50260 0.50273 0.50289 0.50306 0.50326 0.50348 0.50372 0.50397 0.50424 0.50451 0.50479 0.50508 0.50537 0.50565 0.50594 0.50621 0.50648 0.50673 0.50697 0.50719 0.50739 0.50757 0.50773 0.50786 0.50797 0.50804 0.50809 0.50811 
0.50173 0.50175 0.50180 0.50189 0.50200 0.50214 0.50231 0.50251 0.50272 0.50296 0.50322 0.50350 0.50379 0.50409 0.50440 0.50472 0.50503 0.50535 0.50566 0.50596 0.50625 0.50653 0.50679 0.50704 0.50726 0.50745 0.50763 0.50777 0.50788 0.50797 0.50802 0.50804 
0.50113 0.50115 0.50121 0.50130 0.50142 0.50158 0.50176 0.50197 0.50221 0.50247 0.50275 0.50305 0.50337 0.50369 0.50403 0.50437 0.50471 0.50506 0.50539 0.50572 0.50604 0.50634 0.50662 0.50689 0.50713 0.50734 0.50752 0.50768 0.50780 0.50789 0.50795 0.50798 
0.50056 0.50059 0.50065 0.50075 0.50088 0.50104 0.50124 0.50147 0.50172 0.50200 0.50231 0.50263 0.50297 0.50332 0.50368 0.50405 0.50441 0.50478 0.50514 0.50549 0.50583 0.50616 0.50646 0.50674 0.50700 0.50723 0.50743 0.50760 0.50773 0.50783 0.50789 0.50791 
0.50004 0.50007 0.50013 0.50023 0.50037 0.50055 0.50076 0.50100 0.50127 0.50157 0.50189 0.50224 0.50260 0.50297 0.50335 0.50374 0.50413 0.50452 0.50491 0.50528 0.50564 0.50599 0.50631 0.50661 0.50688 0.50713 0.50734 0.50752 0.50766 0.50776 0.50783 0.50785 
0.49956 0.49959 0.49966 0.49977 0.49991 0.50010 0.50032 0.50058 0.50086 0.50118 0.50152 0.50188 0.50226 0.50265 0.50306 0.50347 0.50388 0.50429 0.50470 0.50509 0.50547 0.50583 0.50618 0.50649 0.50678 0.50704 0.50726 0.50744 0.50759 0.50770 0.50777 0.50780 
0.49913 0.49916 0.49923 0.49935 0.49950 0.49970 0.49993 0.50020 0.50050 0.50083 0.50118 0.50156 0.50196 0.50237 0.50279 0.50322 0.50365 0.50408 0.50451 0.50492 0.50532 0.50570 0.50605 0.50638 0.50668 0.50695 0.50719 0.50738 0.50754 0.50765 0.50772 0.50775 
0.49876 0.49879 0.49887 0.49899 0.49915 0.49935 0.49959 0.49987 0.50018 0.50052 0.50089 0.50128 0.50169 0.50212 0.50256 0.50301 0.50346 0.50390 0.50434 0.50477 0.50518 0.50558 0.50595 0.50629 0.50660 0.50688 0.50712 0.50732 0.50749 0.50760 0.50768 0.50771 
0.49845 0.49848 0.49856 0.49868 0.49885 0.49906 0.49930 0.49959 0.49991 0.50026 0.50064 0.50105 0.50147 0.50192 0.50237 0.50283 0.50329 0.50375 0.50420 0.50464 0.50507 0.50548 0.50586 0.50621 0.50653 0.50682 0.50707 0.50728 0.50744 0.50757 0.50764 0.50767 
0.49820 0.49824 0.49831 0.49844 0.49861 0.49882 0.49908 0.49937 0.49970 0.50006 0.50045 0.50086 0.50130 0.50175 0.50221 0.50268 0.50316 0.50363 0.50409 0.50454 0.50498 0.50540 0.50579 0.50615 0.50648 0.50677 0.50703 0.50724 0.50741 0.50753 0.50761 0.50764 
0.49802 0.49805 0.49813 0.49826 0.49843 0.49865 0.49891 0.49921 0.49954 0.49991 0.50030 0.50073 0.50117 0.50163 0.50210 0.50258 0.50306 0.50354 0.50401 0.50447 0.50491 0.50534 0.50573 0.50610 0.50644 0.50673 0.50699 0.50721 0.50738 0.50751 0.50759 0.50762 
0.49791 0.49794 0.49802 0.49815 0.49832 0.49854 0.49880 0.49910 0.49944 0.49981 0.50021 0.50064 0.50109 0.50155 0.50203 0.50251 0.50300 0.50348 0.50396 0.50442 0.50487 0.50530 0.50570 0.50607 0.50641 0.50671 0.50697 0.50719 0.50737 0.50750 0.50758 0.50761 
0.49786 0.49789 0.49797 0.49810 0.49828 0.49850 0.49876 0.49906 0.49940 0.49977 0.50018 0.50061 0.50105 0.50152 0.50200 0.50249 0.50297 0.50346 0.50394 0.50441 0.50486 0.50528 0.50569 0.50606 0.50640 0.50670 0.50697 0.50719 0.50736 0.50749 0.50757 0.50761 