Matriz 8x8
MATRIZ A ITERACION: 1

0.84019 0.39438 0.78310 0.79844 0.91165 0.19755 0.33522 0.76823 
0.27777 0.55397 0.47740 0.62887 0.36478 0.51340 0.95223 0.91620 
0.63571 0.71730 0.14160 0.60697 0.01630 0.24289 0.13723 0.80418 
0.15668 0.40094 0.12979 0.10881 0.99892 0.21826 0.51293 0.83911 
0.61264 0.29603 0.63755 0.52429 0.49358 0.97278 0.29252 0.77136 
0.52674 0.76991 0.40023 0.89153 0.28331 0.35246 0.80772 0.91903 
0.06976 0.94933 0.52600 0.08606 0.19221 0.66323 0.89023 0.34889 
0.06417 0.02002 0.45770 0.06310 0.23828 0.97063 0.90221 0.85092 

MATRIZ A ITERACION: 2

0.51658 0.55447 0.60603 0.66071 0.56912 0.54581 0.61380 0.74297 
0.56708 0.53571 0.56689 0.52546 0.47565 0.40792 0.54079 0.65221 
0.58122 0.38791 0.41841 0.38594 0.41102 0.43966 0.57071 0.69365 
0.59764 0.41425 0.39592 0.40642 0.46475 0.43171 0.53236 0.55955 
0.57529 0.43673 0.46212 0.49645 0.53822 0.54805 0.63180 0.69045 
0.63932 0.53202 0.56455 0.44831 0.49549 0.54978 0.66869 0.67163 
0.49325 0.42043 0.46265 0.34871 0.41565 0.58892 0.74504 0.78650 
0.27582 0.34783 0.35037 0.26056 0.36892 0.64280 0.77102 0.74806 

MATRIZ A ITERACION: 3

0.54346 0.55779 0.57488 0.56731 0.53078 0.52551 0.58392 0.63744 
0.50424 0.52603 0.51572 0.51325 0.49125 0.50828 0.57861 0.63569 
0.57474 0.49612 0.44855 0.45005 0.43873 0.47495 0.53651 0.59155 
0.54427 0.47439 0.42268 0.44214 0.45803 0.50759 0.56644 0.61309 
0.57099 0.51309 0.46186 0.47469 0.48658 0.54010 0.58711 0.62575 
0.55763 0.50959 0.46355 0.47024 0.49218 0.57574 0.65343 0.69902 
0.53969 0.45403 0.41505 0.41280 0.45768 0.58292 0.68583 0.73182 
0.38433 0.39172 0.36509 0.36781 0.43759 0.58872 0.71372 0.76265 

MATRIZ A ITERACION: 4

0.53288 0.53702 0.54250 0.53220 0.52273 0.53639 0.57824 0.60892 
0.49728 0.52684 0.51663 0.50339 0.50001 0.51873 0.56361 0.59395 
0.55383 0.50075 0.47655 0.46449 0.47603 0.50671 0.55697 0.58698 
0.55710 0.50074 0.46484 0.45370 0.47476 0.51067 0.56034 0.58674 
0.55559 0.50201 0.47025 0.46355 0.49414 0.54080 0.59647 0.62414 
0.56476 0.49839 0.46388 0.45940 0.49921 0.56240 0.63130 0.66383 
0.54373 0.45341 0.42776 0.43133 0.48730 0.57642 0.66598 0.70775 
0.44244 0.42499 0.40108 0.40934 0.47459 0.57774 0.67761 0.72351 

MATRIZ A ITERACION: 5

0.52350 0.52552 0.52643 0.51958 0.51891 0.53662 0.56664 0.58618 
0.48350 0.52047 0.51115 0.50384 0.50674 0.52882 0.56117 0.58144 
0.54738 0.51051 0.48977 0.48116 0.48983 0.51865 0.55385 0.57476 
0.54863 0.50907 0.47743 0.47092 0.48720 0.52410 0.56331 0.58527 
0.55294 0.50862 0.47520 0.47153 0.49540 0.54112 0.58630 0.61047 
0.55473 0.49775 0.46333 0.46631 0.50162 0.56156 0.61879 0.64824 
0.54705 0.46894 0.44106 0.45043 0.49753 0.57251 0.64295 0.67833 
0.46614 0.44890 0.42465 0.43857 0.49279 0.57661 0.65484 0.69371 

MATRIZ A ITERACION: 6

0.51325 0.51510 0.51783 0.51444 0.51908 0.53648 0.56015 0.57386 
0.47539 0.51536 0.50982 0.50527 0.51157 0.53125 0.55646 0.57067 
0.54022 0.51088 0.49715 0.49089 0.50125 0.52596 0.55460 0.56997 
0.54651 0.51328 0.48824 0.48205 0.49777 0.52886 0.56198 0.57900 
0.54914 0.50975 0.48224 0.47877 0.50220 0.54216 0.58213 0.60206 
0.55267 0.50107 0.47146 0.47360 0.50644 0.55753 0.60670 0.63085 
0.54673 0.47917 0.45555 0.46403 0.50644 0.56880 0.62750 0.65614 
0.48276 0.46612 0.44543 0.45750 0.50474 0.57287 0.63649 0.66746 

MATRIZ A ITERACION: 7

0.50477 0.50779 0.51297 0.51300 0.51968 0.53583 0.55481 0.56528 
0.46830 0.51055 0.50853 0.50748 0.51513 0.53298 0.55327 0.56428 
0.53513 0.51076 0.50144 0.49822 0.50832 0.52997 0.55319 0.56545 
0.54327 0.51527 0.49481 0.49117 0.50555 0.53299 0.56075 0.57496 
0.54705 0.51271 0.48894 0.48698 0.50771 0.54286 0.57681 0.59379 
0.55005 0.50531 0.47952 0.48230 0.51111 0.55554 0.59710 0.61756 
0.54640 0.48900 0.46822 0.47613 0.51244 0.56528 0.61381 0.63752 
0.49370 0.47929 0.46130 0.47228 0.51240 0.56947 0.62154 0.64690 

MATRIZ A ITERACION: 8

0.49786 0.50215 0.51005 0.51280 0.52068 0.53528 0.55108 0.55941 
0.46299 0.50669 0.50786 0.50942 0.51785 0.53369 0.55056 0.55938 
0.53092 0.50978 0.50425 0.50341 0.51353 0.53246 0.55198 0.56198 
0.54099 0.51660 0.50003 0.49813 0.51153 0.53535 0.55897 0.57082 
0.54532 0.51521 0.49522 0.49423 0.51291 0.54338 0.57248 0.58683 
0.54853 0.50969 0.48768 0.49037 0.51559 0.55363 0.58892 0.60610 
0.54585 0.49697 0.47926 0.48619 0.51744 0.56208 0.60275 0.62241 
0.50210 0.48965 0.47437 0.48379 0.51800 0.56582 0.60909 0.62994 

MATRIZ A ITERACION: 9

0.49242 0.49793 0.50816 0.51311 0.52162 0.53486 0.54823 0.55511 
0.45880 0.50362 0.50738 0.51109 0.51990 0.53412 0.54843 0.55573 
0.52764 0.50890 0.50624 0.50733 0.51726 0.53399 0.55058 0.55895 
0.53900 0.51759 0.50410 0.50369 0.51610 0.53696 0.55714 0.56718 
0.54400 0.51770 0.50080 0.50063 0.51724 0.54364 0.56850 0.58069 
0.54726 0.51375 0.49498 0.49766 0.51954 0.55213 0.58206 0.59658 
0.54535 0.50379 0.48866 0.49474 0.52144 0.55926 0.59341 0.60987 
0.50864 0.49803 0.48504 0.49318 0.52222 0.56253 0.59868 0.61605 

MATRIZ A ITERACION: 10

0.48819 0.49472 0.50688 0.51355 0.52245 0.53453 0.54608 0.55187 
0.45557 0.50123 0.50709 0.51246 0.52148 0.53433 0.54667 0.55284 
0.52504 0.50814 0.50777 0.51034 0.52005 0.53494 0.54923 0.55633 
0.53741 0.51844 0.50744 0.50815 0.51965 0.53793 0.55529 0.56384 
0.54290 0.51991 0.50565 0.50608 0.52084 0.54370 0.56499 0.57536 
0.54625 0.51736 0.50141 0.50396 0.52292 0.55080 0.57624 0.58852 
0.54488 0.50950 0.49665 0.50194 0.52474 0.55681 0.58562 0.59944 
0.51395 0.50492 0.49391 0.50088 0.52556 0.55959 0.58997 0.60450 

MATRIZ A ITERACION: 11

0.48493 0.49228 0.50599 0.51398 0.52313 0.53426 0.54439 0.54936 
0.45307 0.49940 0.50691 0.51356 0.52268 0.53442 0.54520 0.55050 
0.52299 0.50757 0.50901 0.51271 0.52215 0.53551 0.54793 0.55403 
0.53609 0.51919 0.51021 0.51178 0.52241 0.53851 0.55351 0.56084 
0.54198 0.52186 0.50982 0.51068 0.52378 0.54360 0.56185 0.57070 
0.54539 0.52050 0.50694 0.50936 0.52576 0.54963 0.57127 0.58169 
0.54447 0.51432 0.50339 0.50800 0.52747 0.55469 0.57905 0.59071 
0.51831 0.51063 0.50130 0.50728 0.52825 0.55705 0.58265 0.59488 

MATRIZ A ITERACION: 12

0.48242 0.49043 0.50535 0.51438 0.52367 0.53401 0.54302 0.54736 
0.45112 0.49802 0.50682 0.51446 0.52360 0.53441 0.54396 0.54857 
0.52136 0.50716 0.51004 0.51460 0.52375 0.53581 0.54672 0.55200 
0.53501 0.51986 0.51254 0.51473 0.52457 0.53881 0.55183 0.55815 
0.54118 0.52356 0.51337 0.51453 0.52617 0.54337 0.55907 0.56665 
0.54464 0.52319 0.51165 0.51391 0.52811 0.54857 0.56702 0.57588 
0.54408 0.51836 0.50908 0.51308 0.52972 0.55287 0.57352 0.58338 
0.52193 0.51540 0.50749 0.51261 0.53046 0.55486 0.57651 0.58683 

MATRIZ A ITERACION: 13

0.48050 0.48903 0.50491 0.51471 0.52409 0.53378 0.54189 0.54573 
0.44960 0.49697 0.50681 0.51519 0.52430 0.53433 0.54287 0.54694 
0.52005 0.50688 0.51091 0.51612 0.52497 0.53594 0.54558 0.55020 
0.53409 0.52045 0.51449 0.51714 0.52626 0.53890 0.55027 0.55574 
0.54047 0.52500 0.51637 0.51773 0.52808 0.54306 0.55659 0.56310 
0.54396 0.52546 0.51564 0.51774 0.53004 0.54760 0.56337 0.57092 
0.54372 0.52176 0.51386 0.51735 0.53158 0.55129 0.56883 0.57719 
0.52494 0.51939 0.51267 0.51707 0.53227 0.55299 0.57133 0.58006 

MATRIZ A ITERACION: 14

0.47902 0.48797 0.50460 0.51500 0.52440 0.53354 0.54092 0.54436 
0.44841 0.49618 0.50684 0.51578 0.52483 0.53419 0.54192 0.54554 
0.51899 0.50670 0.51166 0.51735 0.52591 0.53594 0.54453 0.54860 
0.53331 0.52097 0.51612 0.51912 0.52758 0.53885 0.54882 0.55358 
0.53983 0.52621 0.51889 0.52039 0.52962 0.54268 0.55439 0.56000 
0.54335 0.52736 0.51899 0.52093 0.53161 0.54671 0.56022 0.56667 
0.54338 0.52460 0.51788 0.52091 0.53310 0.54992 0.56484 0.57195 
0.52745 0.52273 0.51702 0.52080 0.53376 0.55138 0.56695 0.57435 

MATRIZ A ITERACION: 15

0.47790 0.48717 0.50440 0.51524 0.52462 0.53330 0.54008 0.54318 
0.44746 0.49560 0.50690 0.51626 0.52522 0.53402 0.54106 0.54431 
0.51812 0.50658 0.51230 0.51835 0.52662 0.53584 0.54355 0.54716 
0.53264 0.52141 0.51749 0.52074 0.52860 0.53870 0.54749 0.55165 
0.53925 0.52723 0.52100 0.52258 0.53083 0.54228 0.55244 0.55728 
0.54278 0.52894 0.52180 0.52359 0.53287 0.54590 0.55749 0.56301 
0.54305 0.52697 0.52125 0.52389 0.53435 0.54872 0.56144 0.56749 
0.52954 0.52551 0.52066 0.52391 0.53498 0.54999 0.56323 0.56952 

MATRIZ A ITERACION: 16

0.47703 0.48657 0.50426 0.51544 0.52478 0.53305 0.53933 0.54216 
0.44670 0.49516 0.50698 0.51666 0.52550 0.53381 0.54028 0.54323 
0.51738 0.50650 0.51285 0.51916 0.52715 0.53568 0.54264 0.54587 
0.53204 0.52178 0.51863 0.52206 0.52939 0.53848 0.54627 0.54993 
0.53870 0.52806 0.52275 0.52439 0.53179 0.54184 0.55069 0.55489 
0.54224 0.53025 0.52414 0.52579 0.53389 0.54515 0.55512 0.55986 
0.54273 0.52894 0.52406 0.52637 0.53536 0.54766 0.55853 0.56370 
0.53127 0.52783 0.52370 0.52650 0.53597 0.54878 0.56007 0.56542 

MATRIZ A ITERACION: 17

0.47637 0.48612 0.50418 0.51560 0.52487 0.53279 0.53864 0.54125 
0.44608 0.49483 0.50706 0.51697 0.52569 0.53358 0.53956 0.54225 
0.51676 0.50645 0.51331 0.51982 0.52754 0.53547 0.54180 0.54470 
0.53150 0.52208 0.51958 0.52313 0.52999 0.53822 0.54514 0.54838 
0.53820 0.52873 0.52421 0.52587 0.53253 0.54140 0.54914 0.55279 
0.54173 0.53132 0.52608 0.52761 0.53469 0.54445 0.55305 0.55713 
0.54241 0.53057 0.52640 0.52842 0.53616 0.54673 0.55603 0.56045 
0.53269 0.52975 0.52623 0.52866 0.53677 0.54773 0.55736 0.56193 

MATRIZ A ITERACION: 18

0.47585 0.48577 0.50413 0.51573 0.52492 0.53252 0.53801 0.54042 
0.44557 0.49457 0.50715 0.51723 0.52582 0.53333 0.53889 0.54137 
0.51621 0.50640 0.51369 0.52034 0.52782 0.53522 0.54101 0.54364 
0.53100 0.52231 0.52035 0.52400 0.53044 0.53791 0.54412 0.54699 
0.53771 0.52927 0.52540 0.52708 0.53310 0.54096 0.54774 0.55094 
0.54125 0.53218 0.52769 0.52911 0.53532 0.54380 0.55124 0.55476 
0.54210 0.53191 0.52834 0.53012 0.53680 0.54589 0.55387 0.55766 
0.53386 0.53134 0.52834 0.53044 0.53741 0.54680 0.55504 0.55894 

MATRIZ A ITERACION: 19

0.47544 0.48551 0.50410 0.51583 0.52492 0.53225 0.53742 0.53967 
0.44513 0.49437 0.50722 0.51743 0.52588 0.53306 0.53827 0.54056 
0.51572 0.50636 0.51401 0.52076 0.52801 0.53495 0.54028 0.54267 
0.53055 0.52248 0.52098 0.52469 0.53076 0.53759 0.54317 0.54574 
0.53726 0.52969 0.52638 0.52805 0.53352 0.54051 0.54650 0.54930 
0.54079 0.53287 0.52901 0.53033 0.53580 0.54319 0.54965 0.55270 
0.54178 0.53300 0.52994 0.53151 0.53730 0.54513 0.55200 0.55525 
0.53480 0.53265 0.53008 0.53191 0.53791 0.54597 0.55303 0.55638 

MATRIZ A ITERACION: 20

0.47511 0.48529 0.50407 0.51590 0.52489 0.53197 0.53687 0.53898 
0.44475 0.49421 0.50729 0.51757 0.52590 0.53278 0.53768 0.53981 
0.51528 0.50631 0.51426 0.52108 0.52813 0.53466 0.53959 0.54178 
0.53011 0.52260 0.52149 0.52524 0.53099 0.53726 0.54230 0.54461 
0.53682 0.53000 0.52717 0.52884 0.53383 0.54008 0.54537 0.54784 
0.54035 0.53341 0.53009 0.53132 0.53615 0.54262 0.54825 0.55090 
0.54146 0.53388 0.53126 0.53264 0.53767 0.54444 0.55037 0.55317 
0.53556 0.53371 0.53151 0.53311 0.53829 0.54522 0.55129 0.55417 

MATRIZ A ITERACION: 21

0.47484 0.48512 0.50406 0.51594 0.52484 0.53168 0.53635 0.53834 
0.44442 0.49406 0.50733 0.51768 0.52588 0.53250 0.53713 0.53912 
0.51487 0.50626 0.51445 0.52133 0.52818 0.53436 0.53894 0.54096 
0.52970 0.52267 0.52189 0.52567 0.53112 0.53691 0.54150 0.54358 
0.53639 0.53023 0.52779 0.52946 0.53403 0.53965 0.54436 0.54655 
0.53992 0.53383 0.53096 0.53211 0.53640 0.54209 0.54701 0.54932 
0.54114 0.53458 0.53233 0.53356 0.53794 0.54381 0.54894 0.55136 
0.53615 0.53456 0.53269 0.53408 0.53856 0.54455 0.54978 0.55225 

MATRIZ A ITERACION: 22

0.47461 0.48497 0.50403 0.51595 0.52475 0.53139 0.53585 0.53773 
0.44411 0.49393 0.50736 0.51774 0.52582 0.53221 0.53660 0.53847 
0.51449 0.50618 0.51459 0.52150 0.52818 0.53406 0.53833 0.54020 
0.52931 0.52269 0.52219 0.52599 0.53119 0.53656 0.54076 0.54265 
0.53598 0.53037 0.52829 0.52994 0.53416 0.53923 0.54344 0.54538 
0.53950 0.53413 0.53165 0.53273 0.53656 0.54158 0.54590 0.54792 
0.54082 0.53513 0.53319 0.53429 0.53812 0.54323 0.54768 0.54977 
0.53661 0.53524 0.53363 0.53486 0.53875 0.54393 0.54845 0.55058 

MATRIZ A ITERACION: 23

0.47441 0.48484 0.50400 0.51594 0.52464 0.53110 0.53538 0.53716 
0.44383 0.49381 0.50736 0.51777 0.52573 0.53191 0.53609 0.53787 
0.51413 0.50610 0.51469 0.52162 0.52814 0.53374 0.53776 0.53950 
0.52893 0.52268 0.52242 0.52623 0.53120 0.53621 0.54007 0.54179 
0.53558 0.53046 0.52866 0.53030 0.53422 0.53882 0.54260 0.54434 
0.53910 0.53434 0.53219 0.53321 0.53665 0.54110 0.54490 0.54668 
0.54050 0.53554 0.53387 0.53486 0.53823 0.54269 0.54656 0.54838 
0.53695 0.53577 0.53439 0.53547 0.53886 0.54336 0.54727 0.54912 

MATRIZ A ITERACION: 24

0.47422 0.48471 0.50395 0.51591 0.52452 0.53081 0.53492 0.53662 
0.44357 0.49368 0.50735 0.51777 0.52562 0.53161 0.53561 0.53729 
0.51378 0.50599 0.51474 0.52168 0.52806 0.53343 0.53722 0.53885 
0.52856 0.52263 0.52257 0.52639 0.53116 0.53586 0.53943 0.54101 
0.53519 0.53048 0.52894 0.53056 0.53421 0.53842 0.54184 0.54340 
0.53870 0.53447 0.53260 0.53358 0.53667 0.54064 0.54401 0.54558 
0.54018 0.53585 0.53441 0.53530 0.53827 0.54218 0.54556 0.54715 
0.53719 0.53617 0.53499 0.53595 0.53891 0.54283 0.54623 0.54783 

MATRIZ A ITERACION: 25

0.47405 0.48458 0.50389 0.51585 0.52437 0.53052 0.53448 0.53611 
0.44332 0.49356 0.50731 0.51773 0.52549 0.53131 0.53515 0.53675 
0.51344 0.50587 0.51476 0.52170 0.52795 0.53311 0.53670 0.53824 
0.52820 0.52254 0.52267 0.52648 0.53109 0.53551 0.53883 0.54029 
0.53481 0.53046 0.52914 0.53074 0.53417 0.53803 0.54113 0.54254 
0.53832 0.53454 0.53291 0.53384 0.53665 0.54020 0.54320 0.54459 
0.53986 0.53606 0.53481 0.53563 0.53826 0.54170 0.54467 0.54606 
0.53735 0.53646 0.53544 0.53630 0.53891 0.54233 0.54530 0.54669 

MATRIZ A ITERACION: 26

0.47388 0.48445 0.50382 0.51578 0.52421 0.53022 0.53405 0.53562 
0.44308 0.49342 0.50725 0.51767 0.52534 0.53101 0.53471 0.53624 
0.51311 0.50574 0.51474 0.52169 0.52782 0.53279 0.53621 0.53766 
0.52785 0.52243 0.52271 0.52652 0.53098 0.53517 0.53826 0.53962 
0.53444 0.53040 0.52926 0.53085 0.53408 0.53764 0.54048 0.54176 
0.53794 0.53455 0.53313 0.53402 0.53658 0.53978 0.54246 0.54370 
0.53953 0.53620 0.53511 0.53586 0.53820 0.54125 0.54386 0.54508 
0.53743 0.53666 0.53579 0.53656 0.53886 0.54186 0.54446 0.54568 

MATRIZ A ITERACION: 27

0.47371 0.48432 0.50373 0.51568 0.52404 0.52992 0.53364 0.53516 
0.44284 0.49328 0.50717 0.51759 0.52517 0.53071 0.53428 0.53575 
0.51279 0.50559 0.51469 0.52163 0.52767 0.53248 0.53574 0.53712 
0.52750 0.52230 0.52270 0.52652 0.53084 0.53483 0.53773 0.53900 
0.53407 0.53030 0.52932 0.53090 0.53396 0.53727 0.53988 0.54105 
0.53757 0.53451 0.53326 0.53412 0.53647 0.53937 0.54178 0.54289 
0.53921 0.53626 0.53532 0.53601 0.53811 0.54081 0.54312 0.54421 
0.53746 0.53679 0.53603 0.53673 0.53876 0.54141 0.54370 0.54477 

MATRIZ A ITERACION: 28

0.47353 0.48417 0.50363 0.51556 0.52385 0.52963 0.53324 0.53471 
0.44260 0.49312 0.50708 0.51749 0.52499 0.53041 0.53387 0.53528 
0.51248 0.50543 0.51461 0.52155 0.52749 0.53216 0.53529 0.53660 
0.52716 0.52214 0.52266 0.52647 0.53068 0.53449 0.53723 0.53842 
0.53371 0.53017 0.52932 0.53090 0.53381 0.53690 0.53931 0.54039 
0.53721 0.53442 0.53333 0.53416 0.53634 0.53897 0.54115 0.54215 
0.53888 0.53627 0.53545 0.53609 0.53798 0.54039 0.54245 0.54341 
0.53743 0.53684 0.53619 0.53683 0.53864 0.54099 0.54300 0.54395 

MATRIZ A ITERACION: 29

0.47336 0.48402 0.50351 0.51543 0.52365 0.52933 0.53285 0.53427 
0.44237 0.49296 0.50696 0.51736 0.52479 0.53010 0.53347 0.53483 
0.51217 0.50525 0.51450 0.52145 0.52730 0.53184 0.53486 0.53612 
0.52682 0.52196 0.52258 0.52639 0.53049 0.53415 0.53676 0.53787 
0.53336 0.53001 0.52929 0.53085 0.53364 0.53654 0.53878 0.53978 
0.53685 0.53431 0.53335 0.53415 0.53617 0.53859 0.54057 0.54148 
0.53856 0.53622 0.53551 0.53611 0.53782 0.53999 0.54183 0.54269 
0.53735 0.53684 0.53628 0.53686 0.53849 0.54058 0.54237 0.54320 

MATRIZ A ITERACION: 30

0.47318 0.48386 0.50337 0.51528 0.52344 0.52903 0.53248 0.53386 
0.44214 0.49279 0.50683 0.51722 0.52458 0.52980 0.53308 0.53440 
0.51186 0.50507 0.51438 0.52131 0.52710 0.53153 0.53444 0.53565 
0.52649 0.52177 0.52248 0.52628 0.53029 0.53382 0.53630 0.53736 
0.53301 0.52984 0.52921 0.53077 0.53344 0.53619 0.53828 0.53921 
0.53649 0.53416 0.53331 0.53410 0.53599 0.53821 0.54003 0.54085 
0.53823 0.53614 0.53551 0.53608 0.53764 0.53960 0.54125 0.54202 
0.53724 0.53679 0.53630 0.53684 0.53831 0.54018 0.54178 0.54252 

MATRIZ A ITERACION: 31

0.47299 0.48370 0.50323 0.51512 0.52323 0.52874 0.53211 0.53345 
0.44191 0.49261 0.50668 0.51706 0.52437 0.52950 0.53270 0.53398 
0.51156 0.50487 0.51424 0.52116 0.52688 0.53122 0.53404 0.53521 
0.52616 0.52157 0.52234 0.52614 0.53008 0.53349 0.53586 0.53687 
0.53266 0.52964 0.52910 0.53065 0.53323 0.53584 0.53781 0.53867 
0.53614 0.53399 0.53324 0.53401 0.53578 0.53785 0.53952 0.54027 
0.53790 0.53602 0.53547 0.53601 0.53744 0.53922 0.54072 0.54141 
0.53710 0.53670 0.53628 0.53678 0.53811 0.53979 0.54123 0.54189 

MATRIZ A ITERACION: 32

0.47280 0.48352 0.50306 0.51495 0.52300 0.52844 0.53175 0.53306 
0.44167 0.49242 0.50652 0.51688 0.52414 0.52920 0.53233 0.53358 
0.51126 0.50466 0.51407 0.52099 0.52666 0.53090 0.53365 0.53478 
0.52584 0.52135 0.52219 0.52598 0.52985 0.53316 0.53545 0.53641 
0.53232 0.52943 0.52896 0.53051 0.53301 0.53549 0.53735 0.53817 
0.53580 0.53380 0.53313 0.53388 0.53556 0.53749 0.53903 0.53973 
0.53758 0.53587 0.53539 0.53590 0.53722 0.53885 0.54021 0.54084 
0.53693 0.53658 0.53621 0.53668 0.53789 0.53942 0.54071 0.54131 

MATRIZ A ITERACION: 33

0.47260 0.48333 0.50289 0.51476 0.52277 0.52814 0.53139 0.53268 
0.44144 0.49222 0.50634 0.51670 0.52391 0.52890 0.53196 0.53319 
0.51096 0.50444 0.51390 0.52081 0.52642 0.53059 0.53327 0.53437 
0.52551 0.52112 0.52202 0.52580 0.52962 0.53284 0.53504 0.53597 
0.53199 0.52920 0.52880 0.53034 0.53277 0.53516 0.53692 0.53769 
0.53546 0.53359 0.53299 0.53373 0.53532 0.53714 0.53857 0.53922 
0.53726 0.53570 0.53527 0.53576 0.53699 0.53849 0.53973 0.54031 
0.53674 0.53643 0.53611 0.53655 0.53766 0.53905 0.54022 0.54077 

MATRIZ A ITERACION: 34

0.47240 0.48314 0.50271 0.51456 0.52253 0.52784 0.53104 0.53231 
0.44121 0.49201 0.50615 0.51650 0.52367 0.52859 0.53161 0.53281 
0.51066 0.50422 0.51371 0.52061 0.52618 0.53028 0.53290 0.53397 
0.52519 0.52088 0.52183 0.52561 0.52937 0.53251 0.53465 0.53554 
0.53165 0.52896 0.52862 0.53015 0.53252 0.53482 0.53650 0.53724 
0.53512 0.53336 0.53282 0.53355 0.53508 0.53679 0.53814 0.53874 
0.53693 0.53550 0.53512 0.53560 0.53674 0.53813 0.53928 0.53980 
0.53653 0.53625 0.53597 0.53639 0.53742 0.53869 0.53976 0.54026 

MATRIZ A ITERACION: 35

0.47219 0.48294 0.50251 0.51435 0.52228 0.52755 0.53070 0.53194 
0.44097 0.49180 0.50596 0.51629 0.52342 0.52829 0.53126 0.53244 
0.51036 0.50398 0.51350 0.52040 0.52593 0.52997 0.53254 0.53358 
0.52488 0.52064 0.52162 0.52540 0.52912 0.53219 0.53427 0.53513 
0.53132 0.52872 0.52842 0.52995 0.53227 0.53449 0.53610 0.53680 
0.53478 0.53312 0.53263 0.53336 0.53482 0.53644 0.53772 0.53828 
0.53661 0.53529 0.53495 0.53541 0.53649 0.53778 0.53884 0.53933 
0.53630 0.53605 0.53581 0.53621 0.53716 0.53834 0.53932 0.53978 

MATRIZ A ITERACION: 36

0.47197 0.48273 0.50231 0.51414 0.52203 0.52725 0.53037 0.53159 
0.44074 0.49158 0.50575 0.51607 0.52317 0.52799 0.53092 0.53208 
0.51007 0.50375 0.51329 0.52018 0.52567 0.52967 0.53219 0.53320 
0.52456 0.52038 0.52140 0.52518 0.52886 0.53188 0.53390 0.53474 
0.53100 0.52846 0.52821 0.52973 0.53200 0.53416 0.53571 0.53638 
0.53445 0.53287 0.53243 0.53314 0.53456 0.53611 0.53731 0.53785 
0.53629 0.53506 0.53476 0.53520 0.53622 0.53743 0.53843 0.53888 
0.53606 0.53584 0.53562 0.53600 0.53690 0.53799 0.53890 0.53932 

MATRIZ A ITERACION: 37

0.47175 0.48251 0.50210 0.51391 0.52177 0.52695 0.53003 0.53124 
0.44050 0.49135 0.50553 0.51584 0.52291 0.52769 0.53058 0.53172 
0.50977 0.50350 0.51306 0.51995 0.52541 0.52936 0.53184 0.53284 
0.52425 0.52012 0.52118 0.52495 0.52859 0.53156 0.53354 0.53435 
0.53067 0.52820 0.52798 0.52950 0.53173 0.53383 0.53534 0.53598 
0.53412 0.53261 0.53221 0.53292 0.53428 0.53577 0.53692 0.53743 
0.53596 0.53482 0.53455 0.53498 0.53595 0.53709 0.53802 0.53845 
0.53581 0.53560 0.53541 0.53578 0.53662 0.53764 0.53849 0.53888 

MATRIZ A ITERACION: 38

0.47153 0.48229 0.50187 0.51368 0.52151 0.52666 0.52970 0.53089 
0.44026 0.49112 0.50531 0.51561 0.52264 0.52739 0.53025 0.53138 
0.50948 0.50325 0.51283 0.51971 0.52514 0.52905 0.53150 0.53248 
0.52394 0.51986 0.52094 0.52471 0.52832 0.53124 0.53318 0.53398 
0.53035 0.52793 0.52774 0.52926 0.53146 0.53351 0.53497 0.53559 
0.53379 0.53235 0.53197 0.53268 0.53401 0.53544 0.53654 0.53702 
0.53564 0.53457 0.53432 0.53475 0.53567 0.53676 0.53763 0.53803 
0.53555 0.53536 0.53519 0.53555 0.53635 0.53730 0.53810 0.53846 

MATRIZ A ITERACION: 39

0.47130 0.48206 0.50165 0.51344 0.52125 0.52636 0.52938 0.53056 
0.44002 0.49088 0.50508 0.51537 0.52238 0.52710 0.52992 0.53103 
0.50918 0.50300 0.51259 0.51947 0.52487 0.52875 0.53116 0.53213 
0.52363 0.51959 0.52069 0.52446 0.52804 0.53093 0.53283 0.53362 
0.53003 0.52765 0.52749 0.52901 0.53118 0.53318 0.53461 0.53521 
0.53347 0.53207 0.53173 0.53243 0.53372 0.53511 0.53616 0.53663 
0.53532 0.53431 0.53408 0.53450 0.53539 0.53642 0.53725 0.53763 
0.53528 0.53511 0.53496 0.53530 0.53606 0.53697 0.53771 0.53805 

MATRIZ A ITERACION: 40

0.47107 0.48183 0.50141 0.51319 0.52098 0.52606 0.52906 0.53022 
0.43978 0.49064 0.50484 0.51512 0.52211 0.52680 0.52960 0.53070 
0.50889 0.50274 0.51235 0.51922 0.52460 0.52844 0.53083 0.53178 
0.52332 0.51932 0.52044 0.52420 0.52777 0.53062 0.53249 0.53326 
0.52971 0.52737 0.52724 0.52875 0.53090 0.53286 0.53425 0.53484 
0.53315 0.53179 0.53147 0.53217 0.53344 0.53478 0.53580 0.53625 
0.53500 0.53404 0.53383 0.53424 0.53510 0.53609 0.53688 0.53724 
0.53500 0.53484 0.53471 0.53505 0.53577 0.53663 0.53734 0.53766 

Tiempo en segundos 0.001617, con 40 iteraciones 
